2088090008
2124908025
2124908041
2162886012
3300000334
2081372001
2081372007
2088090017
2124908017
2124908021
2124908028
2124908035
2124908037
2124908038
2124908039
2124908040
2140918017
2140918023
2140918025
2149837025
2149837026
2149837027
2149837028
2162886006
2162886013
2264265224
3300000198
3300000213
3300000256
3300000340
3300000341
3300000342
3300000343
3300000345
3300000354
3300000397
3300000398
3300000405
3300000427
3300000470
3300000496
3300000497
3300000499
3300000500
3300000502
3300000503
3300000504
2065487018
2067725002
2088090014
2124908036
2124908044
2199034001
2199352000
2199352001
2199352002
2199352003
2199352003
2199352004
2199352005
2199352009
2228664021
2228664022
3300000033
3300000082
3300000083
3300000137
3300000162
3300000162
3300000177
3300000177
3300000203
3300000203
3300000206
3300000269
3300000363
3300000787
3300000789
3300000890
3300000955
3300001273
3300001274
3300001275
3300000095
3300000178
3300000184
2149837013
2236347000
3300000042
3300000115
3300000116
3300000117
3300000143
3300000147
3300000148
3300000150
3300000153
3300000154
3300000155
3300000158
3300000160
3300000166
3300000170
3300000171
3300000174
3300000188
3300000193
3300000200
3300000211
3300000215
3300000224
3300000227
3300000228
3300000230
3300000231
3300000232
3300000233
3300000234
3300000235
3300000237
3300000254
3300000310
3300000311
3300000316
3300000321
3300000324
3300000369
3300000371
3300000374
3300000381
3300000385
3300000386
3300000401
3300000409
3300000412
3300000418
3300000425
3300000426
3300000444
3300000463
3300000517
3300000526
3300001683
3300000567
3300000712
3300000732
3300000736
3300000750
3300000756
3300000815
3300000827
3300000828
3300000829
3300000831
3300000833
3300000901
3300000902
3300000903
3300000904
3300000907
3300000908
3300000910
3300000911
3300000912
3300000946
3300000950
3300000961
3300000965
3300000966
3300000967
3300000971
3300000974
3300000975
3300000981
3300000982
3300000984
3300000986
3300000995
3300000999
3300001013
3300001016
3300001041
3300001046
3300001049
3300001051
3300001058
3300001060
3300001063
3300001068
3300001073
3300001081
3300001082
3300001083
3300001084
3300001086
3300001087
3300001089
3300001091
3300001098
3300001100
3300001101
3300001105
3300001106
3300001108
3300001112
3300001113
3300001114
3300001115
3300001116
3300001117
3300001118
3300001120
3300001121
3300001122
3300001123
3300001124
3300001125
3300001126
3300001127
3300001129
3300001131
3300001133
3300001137
3300001140
3300001141
3300001143
3300001144
3300001145
3300001150
3300001151
3300001152
3300001154
3300001157
3300001159
3300001160
3300001161
3300001162
3300001164
3300001166
3300001167
3300001168
3300001169
3300001170
3300001172
3300001173
3300001174
3300001175
3300001176
3300001177
3300001178
3300001179
3300001180
3300001181
3300001182
3300001212
3300001230
3300001242
3300001249
3300001259
3300001260
3300001261
3300001266
3300001267
3300001268
3300001272
3300001281
3300001283
3300001286
3300001288
3300001289
3300001290
3300001291
3300001292
3300001344
3300001346
3300001347
3300001349
3300001351
3300001352
3300001354
3300001355
3300001356
3300001369
3300001380
3300001383
3300001384
3300001385
3300001394
3300001396
3300001397
3300001398
3300001399
3300001400
3300001401
3300001402
3300001403
3300001404
3300001405
3300001406
3300001407
3300001408
3300001409
3300001410
3300001411
3300001412
3300001413
3300001414
3300001416
3300001417
3300001418
3300001423
3300001424
3300001427
3300001428
3300001429
3300001430
3300001433
3300001448
3300001449
3300001450
3300001452
3300001453
3300001454
3300001455
3300001461
3300001471
3300001475
3300001545
3300001546
3300001547
3300001568
3300001569
3300001570
3300001571
3300001572
3300001573
3300001574
3300001575
3300001576
3300001577
3300001578
3300001579
3300001581
3300001582
3300001584
3300001585
3300001586
3300001587
3300001589
3300001806
3300001808
3300001809
3300001810
3300002094
3300002096
3300002097
3300002104
3300002105
3300002118
3300002120
3300002121
3300002122
3300002123
3300002124
3300002128
3300002146
3300002149
3300002152
3300002153
3300002154
3300002176
3300002177
3300002178
3300002182
3300002186
3300002221
3300002223
3300002240
3300002243
3300002269
3300002270
3300002271
3300002272
3300002273
3300002274
3300002275
3300002276
3300002277
3300002278
3300002279
3300002294
3300002295
3300002296
3300002297
3300002298
3300002299
3300002300
3300002302
3300002303
3300002304
3300002305
3300002306
3300002348
3300002349
3300002350
3300002351
3300002353
3300002354
3300002355
3300002356
3300002357
3300002358
3300002360
3300002361
3300002362
3300002363
3300002364
3300002365
3300002366
3300002367
3300002368
3300002369
3300002370
3300002371
3300002372
3300002373
3300002374
3300002375
3300002379
3300002380
3300002381
3300002382
3300002383
3300002384
3300002386
3300002387
3300002388
3300002389
3300002390
3300002393
3300002394
3300002395
3300002396
3300002397
3300002398
3300002399
3300002400
3300002401
3300002402
3300002403
3300002404
3300002407
3300002460
3300002490
3300002502
3300002503
3300002514
3300002518
3300002519
3300002522
3300002526
3300002528
3300002529
3300002530
3300002532
3300002535
3300002536
3300002539
3300002544
3300002545
3300002546
3300002547
3300002548
3300002555
3300002556
3300002727
3300002756
3300002760
3300002913
3300002919
3300002955
3300002956
3300002965
3300002966
3300003185
3300003216
3300003218
3300003223
3300003307
3300003345
3300003346
3300003350
3300003351
3300003352
3300003364
3300003366
3300003367
3300003368
3300003370
3300003372
3300003375
3300003409
3300003410
3300003427
3300003478
3300003492
3300003494
3300003495
3300003496
3300003498
3300003500
3300003501
3300003580
3300003581
3300003582
3300003584
3300003585
3300003586
3300003587
3300003588
3300003589
3300003590
3300003591
3300003592
3300003593
3300003594
3300003595
3300003596
3300003599
3300003600
3300003601
3300003602
3300003617
3300003618
3300003619
3300003620
3300003621
3300003678
3300003680
3300003696
3300003697
3300003698
3300003699
3300003783
3300003785
3300003787
3300003789
3300003793
3300003795
3300003796
3300003797
3300003798
3300003800
3300003802
3300003803
3300003804
3300003805
3300003806
3300003807
3300003808
3300003809
3300003811
3300003812
3300003813
3300003814
3300003815
3300003819
3300003820
3300003821
3300003823
3300003824
3300003825
3300003826
3300003827
3300003828
3300003908
3300003909
3300003938
3300004069
3300004109
3300004110
3300004111
3300004806
3300004807
3300004770
3300004771
3300004772
3300004773
3300004774
3300004804
3300004805
3300001305
3300001686
3300002558
3300002562
3300002908
3300002912
3300002914
3300002917
3300004081
3300001348
3300001353
3300002481
3300003847
3300004113
3300004151
3300004154
3300004155
3300004241
3300004242
3300004273
3300004274
3300004276
3300004277
3300004278
3300004279
3300004280
3300004484
3300004494
3300004498
3300004513
3300004517
3300004521
3300004526
3300004530
3300004534
3300004535
3300004538
3300004542
3300004543
3300004546
3300004550
3300004553
3300004556
3300004564
3300004565
3300004569
3300004573
3300004577
3300004581
3300004585
3300004589
3300004636
3300004638
3300004639
3300005103
3300005104
3300005105
3300005146
3300005147
3300005148
3300005158
3300005159
3300005160
3300005161
3300005162
3300005163
3300005164
3300005168
3300005173
3300005185
3300005233
3300005234
3300005644
3300005646
3300005650
3300005166
3300005167
3300005171
3300005172
3300005174
3300005175
3300005176
3300005177
3300005178
3300005179
3300005180
3300005181
3300005184
3300005186
3300005187
3300005363
3300004158
3300004159
3300004160
3300004161
3300004162
3300004163
3300004164
3300004165
3300004166
3300004167
3300004168
3300004169
3300004170
3300004172
3300004173
3300004174
3300004175
3300004176
3300004177
3300004178
3300004179
3300004180
3300004181
3300004182
3300004183
3300004184
3300004187
3300004188
3300004189
3300004190
3300004191
3300004192
3300004193
3300004194
3300004195
3300004197
3300004198
3300004199
3300004200
3300004201
3300004202
3300004203
3300004204
3300004205
3300004206
3300004207
3300004211
3300004215
3300004216
3300004217
3300004218
3300004219
3300004220
3300004221
3300004222
3300004223
3300004224
3300004225
3300004226
3300004227
3300004228
3300004229
3300004230
3300004231
3300004232
3300004233
3300004234
3300004235
3300004236
3300004237
3300004243
3300004244
3300004245
3300004246
3300004247
3300004248
3300004250
3300004251
3300004252
3300004253
3300004254
3300004255
3300004256
3300004257
3300004258
3300004261
3300002557
3300002560
3300002561
3300002906
3300002907
3300002909
3300002916
3300001279
3300003432
3300000525
3300001130
3300001229
3300001256
3300001357
3300001523
3300001815
3300000176
3300000350
3300000351
3300000352
3300000355
3300000361
3300000362
3300000365
3300000366
3300000367
3300000394
3300000447
3300000477
3300000519
3300000557
3300000563
3300000575
3300000576
3300000579
3300000580
3300000596
3300000597
3300000650
3300000651
3300000655
3300000709
3300000793
3300000816
3300000837
3300000893
3300001309
3300001337
3300001339
3300001340
3300001382
3300001446
3300001632
3300001633
3300001634
3300001635
3300001641
3300001647
3300001648
3300001652
3300001676
3300001678
3300001679
3300001681
3300001684
3300001706
3300001751
3300001752
3300001753
3300001781
3300001782
3300001835
3300001854
3300001855
3300002052
3300002053
3300002090
3300002099
3300002100
3300002183
3300002473
3300002538
3300002954
3300003166
3300003277
3300003388
3300003393
3300003394
3300003395
3300003404
3300003411
3300003412
3300003413
3300003429
3300003430
3300003431
3300003488
3300003490
3300003491
3300003493
3300003497
3300003499
3300003598
3300003603
3300003604
3300003605
3300003606
3300003607
3300003614
3300003616
3300003852
3300003858
3300003859
3300003860
3300003910
3300003986
3300004054
3300004089
3300004096
3300004112
3300004123
3300004124
3300004125
3300004126
3300004128
3300004275
3300005140
3300005165
3300005268
3300005273
3300005346
3300005378
3300005379
3300005380
3300005412
3300005517
3300005580
3300005581
3300005582
3300005583
3300005584
3300005585
3300005642
3300005645
3300005662
3300005717
3300005722
3300005851
3300005852
3300005853
3300005854
3300005855
3300005856
3300005857
3300005858
3300005859
3300005860
3300005861
3300005872
3300005909
3300005910
3300005911
3300005912
3300005913
3300005914
3300005916
3300005917
3300005918
3300005919
3300005928
3300005929
3300005930
3300005931
3300005933
3300005935
3300005939
3300005957
3300005959
3300005965
3300005973
3300005974
3300005976
3300005996
3300006010
3300006016
3300006017
3300006559
3300006561
3300006562
3300007074
3300007157
3300007158
3300007174
3300007229
3300007231
3300007236
3300007255
3300007258
3300007276
3300007283
3300007291
3300007345
3300007346
3300007363
3300007516
3300007519
3300007520
3300007522
3300007523
3300007538
3300007539
3300007540
3300007542
3300007543
3300007544
3300007545
3300007546
3300007547
3300007548
3300007549
3300007550
3300007551
3300007552
3300007553
3300007554
3300007555
3300007557
3300007558
3300007559
3300007560
3300007561
3300007562
3300007585
3300007590
3300007593
3300007597
3300007600
3300007603
3300007606
3300007618
3300007620
3300007621
3300007622
3300007624
3300007625
3300007627
3300007629
3300007630
3300007632
3300007634
3300007636
3300007637
3300007639
3300007640
3300007642
3300007644
3300007647
3300007649
3300007651
3300007653
3300007655
3300007658
3300007661
3300007665
3300007667
3300007670
3300007681
3300007692
3300007706
3300007708
3300007715
3300007716
3300007718
3300007722
3300007799
3300007811
3300007812
3300007813
3300007814
3300007815
3300007816
3300007959
3300007960
3300007961
3300007962
3300007981
3300007982
3300007999
3300008000
3300008012
3300008019
3300008021
3300008052
3300008097
3300008222
3300008223
3300008224
3300008225
3300008226
3300008227
3300008249
3300008250
3300008251
3300008252
3300008253
3300008254
3300008950
3300008961
3300008964
3300008995
3300008996
3300008999
3300009002
3300009003
3300009024
3300009026
3300009032
